0
0
2005752990
0
0
1547977034
1747385865
941728592
0
597205560
1956437633
104228404
0
308907274
1561857118
1485516187
0
0
2035668313
1983624809
0
1325832018
1678766461
220485245
0
1437486254
362084495
0
501189427
1283477882
383040065
1278369373
1011779306
0
0
0
2045795972
73365437
0
0
1282579734
970742602
1379847221
0
1872527718
1902864111
2018945486
399590179
0
103631222
459042274
0
0
0
943812223
371844609
290105617
0
1419272376
945746283
920687097
1061491894
0
1778141128
570741995
1514633115
1291516520
1823213225
0
0
0
0
1115886099
1625654482
0
1466020547
1304323160
1419947040
1056328336
19245442
0
1098382990
0
31735672
1830002783
0
0
0
864972570
0
1773031452
0
1732824432
0
1965400775
34824251
0
196547221
1136030510
1158631819
0
0
720507101
23115259
1576473972
146785319
0
0
0
0
0
747279521
459912646
2139702139
0
0
1441528700
0
1901121576
0
595945411
1391532903
263161690
0
0
1179830967
2438824
0
0
0
406901481
0
676803597
0
436713007
533803470
0
0
647031887
0
2117603792
0
366373566
1831904794
0
1527527488
1125983740
0
1902065855
858588746
0
0
450895053
1639664277
102072101
1253074180
1172812754
676653069
0
0
1935942832
1846476928
309488419
0
1720433887
0
1053922224
0
185815133
1266654762
184727654
785293253
2031494226
63610681
0
0
1844198276
1156831055
1766903117
591093421
0
765273031
0
0
0
1506972593
0
1413157639
0
0
1879325906
1635491648
746166972
1820373227
0
1929135766
1308804069
1816647730
893459553
0
0
281982623
0
0
0
127836106
694492897
385564058
1036611722
0
0
883533256
260564257
932942499
0
873878962
858166976
0
0
1372002333
1475746360
627094265
1970856771
1121765801
1208058122
475181323
0
2144122172
0
0
725021428
0
10013340
1789243015
198244412
313075822
0
0
1440538672
1384464326
25562615
1927884839
0
0
0
1502340230
0
234528290
0
209859660
207477273
2143451932
0
0
0
1301577804
0
0
0
0
653418638
0
1815766917
1654910995
1030079513
2045910390
0
708849719
0
0
0
1965633891
1316427963
735870358
0
1967581838
0
0
1447672905
1796032835
0
1189346418
479249142
1586326969
689776487
1732503138
1706728354
0
0
2074884282
0
64514337
0
266347373
1630370351
0
409340353
231373644
0
29192509
0
0
155080901
663154820
0
980618365
0
1501762806
237344737
0
1318252281
50949819
0
612406633
1437731271
142668251
591501102
1253508248
350303876
865155255
267402327
0
887813800
86269134
728665645
0
0
551916252
683648871
1796883810
0
0
184131250
1565133308
1793915713
0
0
0
0
1153286431
1331233348
998071903
0
0
0
0
2077062875
1038908394
0
870831560
533207705
0
1155726254
49019926
1448746972
1383158075
0
0
0
116146242
285969747
1719070197
722375558
1624662413
584136988
1102032495
1646750028
0
872035955
408359287
706223364
935021403
0
0
1764831101
0
1941149695
0
578113155
0
1217031607
2034101660
1019878779
0
1920646974
0
0
1235524235
0
0
302089295
660702216
329087031
1794928098
557414793
2007501621
2007601039
324538621
1799394701
143303843
0
1980058693
1961299119
1831186936
0
86656800
0
593419215
0
1298934008
1988702164
0
0
0
1216740901
1080486174
0
1196077935
0
1371278810
0
268770042
0
0
0
0
1546236376
586246361
0
0
0
1728394374
576780941
0
0
0
0
0
0
0
1709978013
0
0
1576644684
561170671
1506040065
854738386
0
500089274
1440063506
1866784012
0
96817255
1206509826
976861041
355496096
0
0
1404432549
676638009
2068670536
0
184899320
442113126
0
2066065915
0
1446094461
1138157663
984069156
1008356003
128784629
0
13336952
645636564
0
0
0
0
0
0
859093830
0
0
0
1245536947
0
1775732367
0
0
0
675955999
384696857
1996010666
801077192
0
0
1081627863
986145208
0
1258874402
1388371423
119116541
855967528
193700399
2143319099
1581809492
1481317144
480132390
1174082920
197154639
1058008990
266090202
835729807
0
0
0
289758404
0
472641610
0
1563744900
0
975897931
0
0
0
1663211149
620424349
1646248490
571385971
0
0
1195920124
483044720
59895574
308800825
0
18676998
0
2079701907
0
216456821
123482095
0
0
0
808070578
130616323
0
499083647
0
868644899
220552668
627787839
448805726
1222522462
1730194844
1940940461
416760398
95442843
754635913
0
647197913
0
1350734836
1078334801
1328663049
1891342433
1015932481
546896201
409116967
1267907029
0
1804371331
0
2080316289
0
677333832
0
0
530287238
68214552
1606220386
1206305634
0
1996568454
0
790143447
0
175201465
1387379901
25637125
0
1783924599
463220131
2144194648
760973391
1395191439
797003992
0
1978174606
2101201011
1016747437
0
1221018759
1773298889
488877380
0
257286243
93914683
1618354117
1871730156
0
1311143758
283463857
710959419
340130036
851750755
0
506603823
0
1766286919
1941612019
0
470655370
2040350614
44503415
0
1544083341
116877662
1496085453
843658949
0
2063536081
1852573656
0
0
255651017
729123563
0
1041890279
1287805023
1356391776
1786256317
1641535436
0
703748940
910871298
0
0
1075177887
1148432483
619634020
260007447
2032233945
384661097
0
1260678688
1672163421
377256226
1988221675
1484520486
0
1889617476
0
0
490748509
1624239383
626613372
0
966140061
1574694236
0
1993902640
960132764
1233855674
0
1626071895
1183077590
0
578805247
1356758523
0
0
1046153703
341088577
1857891962
1445785181
0
1181052244
0
2023789559
1137984314
0
0
943505876
2009978736
314294909
842660381
1310841303
0
0
0
1570064298
2036576000
0
370082595
272845070
2125009302
818164011
34506645
1343454475
2015463745
0
1494614862
0
324251760
0
1911238291
0
0
861187914
1736810957
0
1276526466
1230873683
163790788
1602087641
843807996
0
0
263258200
1456993387
0
0
0
987836834
0
1501715469
1711746823
0
0
449686121
0
0
114411520
0
0
0
1954426801
0
1466555054
0
0
0
0
914350733
0
0
0
0
0
0
396155920
1733611022
1165254102
0
0
0
522959623
0
0
1784125659
0
0
563928898
1201672045
810910452
0
547647875
366681714
1121208621
834775598
0
0
1756086108
0
1004977768
1367777949
208668362
219433795
0
0
1518439968
1969832476
0
471914750
2110805059
0
1251510945
0
0
209785007
1412729569
187540333
1440636126
0
264312358
0
0
0
0
1508261836
1887376791
0
949613832
928357710
1395754106
20718542
1409864945
656372869
589521391
1861133221
1209506735
0
398562157
0
263485401
1520197848
0
1385713481
0
897390888
0
351144722
15415664
0
1313449001
827634975
929553600
0
1814671875
0
0
238561747
0
166586697
0
948656960
1599305834
2072944147
1692306804
1227000904
0
1503903327
1198394690
0
0
1845971917
0
327672694
1745665741
969414748
1406435447
0
318808147
257614759
0
2113184908
1024947201
303460826
553826696
0
44663445
0
0
2018648483
357083605
0
0
0
2055159622
0
802361036
0
1757232689
0
398585753
1662956345
1346849927
0
0
395108536
0
0
2116676331
0
0
0
2041043881
0
1606483302
0
2011514914
1582015640
1004262235
0
0
320605727
18563074
2060685522
1237419939
1709871365
0
0
2100145908
516458456
1850681533
0
0
0
0
0
0
85707674
0
1114777661
0
1700333094
1075832376
950192528
652128646
1769311312
1331206704
2125319828
0
1122214448
0
568321345
2082029287
420092410
0
690930102
200243285
757274155
1149510567
0
0
1001557339
465710235
0
1966511216
1107862719
116028483
787448953
0
1441417279
0
0
1740129552
1577055569
1338913633
1515626632
0
155885087
1111650654
0
0
1193694581
0
1786641630
839307416
0
1547679234
1315129473
520313078
1597476915
0
0
132026581
996134578
899620047
0
1139252200
0
0
0
1212217059
0
1409601062
0
1383515636
0
0
1042015988
0
1424811265
141137747
0
344074539
53683720
1807546985
1119938372
0
0
181856401
829438966
1763770842
97977987
118887736
0
382156878
0
748634332
1330527474
3511387
89800799
1059078169
1432571899
25238231
0
546764855
1621308988
1920464426
700734982
1604396242
389146803
0
1105520764
0
0
1428742464
1316419620
0
879674955
2058856340
36386330
0
2085205964
1621668522
1445741598
0
824145721
0
492780208
0
0
1280677300
0
565842352
2129104585
1857319597
2001697346
1243813452
1926740325
876517751
634487368
317706788
0
0
621308834
202452859
28812290
0
800081429
0
0
0
0
1805647867
712501109
142914570
0
744520441
1933404833
656732608
200454615
0
378516513
0
0
0
0
1988641119
672687078
0
0
0
312754617
1575620943
969351255
1771608274
0
1010221268
1276137073
474271446
1754752855
1608537254
1643219369
1816170383
1782279897
1001042421
222976157
643416597
0
0
433361425
1756405669
0
174219684
1346283312
1017518662
0
1964207051
0
0
196628233
1198946393
0
816966607
60888189
0
454187239
1672470828
1107446766
1833026195
823770441
103268950
0
2065922671
0
2033522483
54573592
232797180
1103535903
51937319
1158098467
905043377
0
2072450366
0
914788213
0
772584453
1797683232
1570082805
1656801243
204549691
0
1174361747
1880672374
2134746440
427608459
2053706936
1089822730
0
2056161315
514991082
1310013362
0
1695048117
1974967050
0
0
579952097
1885923801
135254435
0
837931490
2005792367
1338269605
0
157051889
2043904918
380206716
239416956
1483172002
0
0
1935687142
0
0
848431691
0
236096558
1731609401
564107584
1272558468
1747213257
1429772545
0
1543814942
520057032
0
174527283
953312124
0
962941456
1622928922
1300583712
1313881085
127229218
665735517
202074440
0
0
43799233
1210953285
228535161
0
0
1096492392
1508539346
1940999341
0
580961156
1509746497
0
0
0
1243128565
0
270806238
1500193593
0
0
1216314759
2119047798
1008796822
926212373
484227427
2041975696
0
1002791
0
738897524
0
2126510066
851541492
1618832973
832488962
1581795146
0
0
1159493102
1190023607
0
1344267091
689443741
1795653744
2147170555
0
1395062121
382441350
1481875961
0
402092052
1968618521
543255165
757321661
57518117
0
0
0
0
0
2014344386
0
0
0
1628439628
0
1502622067
1775932107
0
0
0
923060441
385029733
0
0
822912327
373808532
52248561
668493228
0
0
513022435
0
0
1411829737
0
0
32044224
0
0
1056434773
0
0
0
0
2041816247
1806943494
48486906
1429903165
1388516158
0
0
0
0
1011695760
0
989545734
175066104
0
1983586233
325057218
1463190167
0
2041507902
934386693
136535964
0
30411893
0
1180098868
1312779439
0
1494742397
750226653
0
385960938
0
0
0
1569001028
916171368
0
853284082
282443091
1526572823
0
1228499933
997971461
351225758
1498497922
1715299918
1113204702
178673189
0
611630393
12145677
0
0
0
0
1708123802
592249210
0
0
1258712184
934466616
1339573165
0
1651766067
0
0
1932560894
0
1510331654
0
943041320
454745325
1650264285
1040543147
1567405618
1208237587
440053779
1125512747
981560173
875798005
0
1756128899
1052837263
1746397021
0
63840590
0
1277895367
0
1192522976
1006927973
677033495
796966428
0
257394246
1814260231
712281097
345286728
1016988060
1026059760
0
0
589222070
831464411
0
0
1786798189
0
0
2096411011
327678576
1897271794
0
0
22483708
816160619
564324094
1629171068
1916198465
1614834384
0
1331086490
0
1168283165
556186043
75038364
1946839035
575975525
2038538766
1857012894
0
573861156
0
0
1496144640
745784874
2110522610
0
1572659968
0
24693315
1641332864
0
0
0
1642509354
639020624
921211358
0
1539567099
970082679
511071598
1648059532
142063119
1969051702
1800081586
504008034
0
1271851037
0
0
1236302883
1517800596
0
406842657
0
2091338264
0
1404610386
680859245
1886157735
11589397
1144027649
700497982
931682667
0
1488165366
0
1846555921
0
0
693906528
314292667
0
1652556238
809372079
1609114811
1797946197
0
0
0
1359813732
0
0
806685546
391223648
9944153
0
853159170
1301150554
862310072
0
1304549876
0
954826878
109798475
647605077
0
151385747
1652720040
0
40914272
246882184
0
450457099
0
0
0
0
0
436022943
567683551
1365090565
0
1268629603
624121056
438063543
915780226
803163612
7009274
0
0
152368155
251253151
1914544394
0
1539280533
1226316861
0
146892150
1271671489
0
560157214
0
1926546211
0
1926518602
1814821921
0
1650752794
0
1892300427
0
560406441
1749783901
760119751
1225939284
0
1299413922
305697363
1341537926
0
270409576
1292458020
34742547
4777352
504697377
866877749
0
161854073
0
1326660136
81080652
0
264672628
0
2032079122
724978605
0
2139249639
1011695611
0
1569088492
1846701684
1279146806
834045567
1084780644
0
1096042020
461339271
333151802
2040855222
0
0
0
70822752
0
0
1057805351
0
1651476394
0
0
1146844059
590849574
96070723
0
602128407
0
1585202077
0
0
0
0
0
1189452689
1340475276
0
2085096702
0
749757963
1959626770
0
0
1143408521
1915319106
0
0
1753795501
1943090156
0
2055133948
0
217525988
2085717193
0
594646322
1712216553
1857772170
102140950
0
0
1801601383
1539880905
0
1184494856
1678640638
0
2136440262
1768755020
569099566
2052276509
685334518
211245238
1680264609
629489334
69849663
0
868104990
2017930257
0
226948166
656178512
2127684804
623748662
1857732427
1689659773
1106212772
0
1348707635
0
0
1707799279
0
347565199
1383721545
1096023556
1291037276
0
2023394887
343512962
0
0
0
1014873217
0
0
1765577290
594153507
1934397440
0
0
1630049297
952373201
0
1582628433
1134062268
1243021287
821140924
0
872559265
1959620812
0
0
0
888470521
1503187399
166205135
1039379275
473424432
1000084683
1517427931
0
7500974
1029710927
722118311
1153079363
114260134
0
1225193630
444066531
13855873
1463561316
582627973
721381228
1109148330
1026236660
1094027046
0
0
0
1026263429
300877094
845215542
1557487263
1865424659
0
825695213
356510151
2143424701
0
0
721120379
0
0
0
0
587269526
2099232405
0
1018001678
1106408212
0
0
2036526646
199930015
0
0
0
0
2036288025
529965683
0
1751426042
665139592
0
0
1952567352
0
0
454828386
108719536
2029180675
667140730
622887323
0
0
0
0
1882426603
1941303142
0
1211462803
1510567876
0
0
0
677942251
0
509023613
737383028
479158579
1392143097
590691675
0
204192844
1749986693
1353872849
2034844816
1182028851
0
1120531929
958007907
0
0
824902431
0
1660045067
1803073476
1062973478
1221403646
0
0
0
0
242876386
1767271690
0
1344186683
0
0
0
0
0
1429853030
1575249403
2078869902
1489723257
143287008
0
2016310008
245284613
1480038879
1505609830
2037039631
1984392235
111132311
0
571155834
559443648
1002944553
0
0
25380109
1448939325
0
0
932645275
0
855901041
0
0
1618018929
880224048
0
0
1984934815
801785083
997228075
974271259
706200765
0
1268012590
0
1314911515
0
124283867
0
209613444
1412379476
1344132739
0
0
1109503772
0
1458985625
448894952
0
1585717251
377230067
0
0
0
1141557737
576491583
1042769934
1267909863
0
0
800021037
110293726
0
918004345
0
1846721527
0
0
1894716706
40502665
0
701402026
1172818955
0
663987534
0
0
1008725960
452584240
1378239284
2078533154
1207461218
0
1840770033
867509033
1355555377
658086169
0
0
1042159854
1735069598
189725849
0
0
0
1850813901
176934341
2056879923
0
0
0
0
0
0
0
0
2033341038
1529516234
1847607545
1960348618
1113944506
2102300543
774723182
795174215
0
928901842
0
1702150424
0
0
0
0
2125862472
1265915539
102488021
0
1615830803
0
772531945
0
0
59956285
0
33121782
0
1694725319
457941103
0
833381808
126679356
535596812
0
0
315676394
808658560
0
1689892217
1994046705
0
2087783288
30276222
879319356
0
702044101
1400129483
0
548117280
440524711
162004615
2023233900
440573634
1777958182
2143669902
510672449
0
1807536122
881179879
219946632
0
0
0
159484823
0
0
1839003731
0
1698700159
2050521774
222624464
1598732864
769146689
565052788
43384499
0
1269446751
0
482700727
0
579226081
337789228
1349037626
0
0
0
926666906
0
1908110033
182330849
504927273
382740505
170926103
0
0
0
0
1657724277
0
0
771237612
1936285947
761539412
897257866
0
0
0
1569780714
969936756
1838379774
1028813414
1373545879
2084937198
1056771916
399561661
1697987796
1018289844
1267568083
0
1081734261
847130060
1146894153
634511910
2114450563
1098853379
2139777884
0
2134974185
497134318
927607199
0
0
1497447439
0
0
0
1232518618
1610270536
1034018265
0
755625235
0
370080819
0
0
0
0
1195322258
1007950875
1445721068
1129539662
646967305
0
0
1463805975
975902004
0
0
70135112
1339832647
0
1002788011
972494566
0
1578719641
408586646
1016447944
1078412241
963985302
822802488
1404585746
1087082718
0
0
958518156
1486375095
1902848898
0
12522416
355405905
472153116
1360663778
201804694
160803312
22940794
288444382
0
0
0
517226065
622065041
8556426
0
390101108
0
253945089
1830171111
0
1292270898
367207424
2033713290
1288811863
1041684698
288127592
1804917771
1292847938
953287788
370459871
2096869523
1471346206
0
0
2055527904
671553861
1381033266
1352324193
1809914777
438883374
0
0
0
670414973
0
710857832
1828449353
254846349
1028185009
1174074731
0
0
0
1903152829
0
0
1460408178
0
0
1355867636
761073214
1391655271
0
1898954063
1850077685
883301373
1249914433
1474301620
2046602453
1475488426
165808499
0
1474377735
2143005031
1856682993
0
1623664332
363531382
1408962186
0
1190296194
0
0
0
1140595110
0
0
0
647095359
1489184176
172723278
2053958749
673480809
0
0
0
1174755250
0
248122593
985637939
0
607833449
745638742
0
893305568
1390151324
0
568696278
697617404
523308615
0
1254249614
384885617
633571113
1036422315
858273277
741108499
1628661898
0
0
0
714896390
1263503850
1957695170
381497071
809478560
627222075
401985799
1329058305
0
800445031
1375149077
1796550604
1267915694
1141965536
1257661635
0
0
635666145
393199033
0
1562545911
0
1973198694
0
0
1599848489
1202064218
0
0
1306514722
1255739919
2048665717
0
0
0
1342522646
0
1010151213
247159498
1800996513
865191352
1134276287
0
0
0
561549215
0
0
917660494
0
0
0
196740975
0
292437752
430331013
1599067880
0
0
1379387155
0
1217316328
0
0
142571862
0
1169844639
0
657020533
687570397
0
1434927355
1464446478
0
0
491346600
0
1901052745
0
0
106273716
80646667
902287447
440572172
1479212540
981883111
0
0
0
0
0
71423789
0
1449749458
1149756127
1753503607
2132980232
0
1166820115
0
867092190
